0.0 0 0
1.0 0 1
2.0 0 2
3.0 1 0 1
4.0 1 1 2
5.0 1 2 0
6.0 0 3
7.0 0 4
8.0 0 5
9.0 1 3 4
10.0 1 4 5
11.0 1 5 3
12.0 0 6
13.0 0 7
14.0 0 8
15.0 1 6 7
16.0 1 7 8
17.0 1 8 6
18.0 1 0 3
19.0 1 1 4
20.0 1 2 5
21.0 2 0 1 4
22.0 2 1 2 5
23.0 2 2 0 3
24.0 2 0 4 3
25.0 2 1 5 4
26.0 2 2 3 5
27.0 1 3 6
28.0 1 4 7
29.0 1 5 8
30.0 2 3 4 7
31.0 2 4 5 8
32.0 2 5 3 6
33.0 2 3 7 6
34.0 2 4 8 7
35.0 2 5 6 8
36.0 1 6 0
37.0 1 7 1
38.0 1 8 2
39.0 2 6 7 1
40.0 2 7 8 2
41.0 2 8 6 0
42.0 2 6 1 0
43.0 2 7 2 1
44.0 2 8 0 2
